8.50763
11.6275
20.9615
9.55072
8.96348
8.68451
20.151
9.23074
26.9965
14.4736
12.5643
32.0793
11.1259
338.06
20.2409
6.89044
25.6404
11.2086
6.51221
7.08585
26.1152
13.0276
17.2202
10.5444
41.7545
9.48365
8.44992
6.38492
8.11722
45.2008
20.2566
9.08831
14.2208
25.7785
9.55041
10.7002
12.2838
24.4574
16.5837
9.22712
6.00646
12.1339
14.3792
44.7734
8.45175
59.2202
12.7354
11.8419
12.3814
280.967
61.4612
7.09497
53.0525
17.9905
141.869
11.0462
7.66228
7.61004
13.7371
9.18924
8.39461
20.324
9.43429
20.5268
47.4541
672.497
12.1334
32.3783
24.1165
9.66331
19.013
10.6079
14.7182
11.0398
9.69267
8.86447
14.9767
6.80348
24.3237
9.27213
7.28012
39.5184
9.26569
9.73125
17.1571
24.4989
11.2697
13.0453
33.9059
34.3807
18.8113
20.2355
10.2176
8.44885
7.86124
13.8267
4.89923
13.9405
9.44472
7.70339
